# Correlation Coefficient <rho_1(r)*rho_2(r)>
     1      2      3      4      5      6      7      8      9     10    average
 1.000  0.940  0.902  0.966  0.906  0.878  0.913  0.884  0.950  0.897  0.924
 0.940  1.000  0.919  0.943  0.894  0.902  0.929  0.915  0.942  0.878  0.926
 0.902  0.919  1.000  0.894  0.884  0.856  0.888  0.853  0.908  0.848  0.895
 0.966  0.943  0.894  1.000  0.898  0.875  0.930  0.884  0.948  0.894  0.923
 0.906  0.894  0.884  0.898  1.000  0.832  0.869  0.830  0.881  0.859  0.885
 0.878  0.902  0.856  0.875  0.832  1.000  0.905  0.921  0.890  0.846  0.890
 0.913  0.929  0.888  0.930  0.869  0.905  1.000  0.907  0.912  0.871  0.912
 0.884  0.915  0.853  0.884  0.830  0.921  0.907  1.000  0.903  0.868  0.896
 0.950  0.942  0.908  0.948  0.881  0.890  0.912  0.903  1.000  0.892  0.923
 0.897  0.878  0.848  0.894  0.859  0.846  0.871  0.868  0.892  1.000  0.885
