# Correlation Coefficient <rho_1(r)*rho_2(r)>
     1      2      3      4      5      6      7      8      9     10    average
 1.000 104.141 91.231 63.990 72.169 66.476 65.307 79.530 80.299 61.606 68.575
104.141  1.000 126.909 85.936 90.849 92.043 88.450 105.766 104.649 77.637 87.738
91.231 126.909  1.000 75.547 82.618 78.184 77.732 98.184 96.608 67.235 79.525
63.990 85.936 75.547  1.000 81.486 88.126 71.273 71.813 71.842 68.999 68.001
72.169 90.849 82.618 81.486  1.000 78.374 73.176 77.537 81.142 75.171 71.352
66.476 92.043 78.184 88.126 78.374  1.000 79.061 70.872 69.850 71.876 69.586
65.307 88.450 77.732 71.273 73.176 79.061  1.000 64.699 65.102 70.816 65.662
79.530 105.766 98.184 71.813 77.537 70.872 64.699  1.000 93.879 62.975 72.625
80.299 104.649 96.608 71.842 81.142 69.850 65.102 93.879  1.000 62.334 72.670
61.606 77.637 67.235 68.999 75.171 71.876 70.816 62.975 62.334  1.000 61.965
